72101121 116104101114101!
8410497110107 121111117 97108108 102111114 97 119111110100101114102117108 115101109101115116101114
87101 119105115104 121111117 97108108 116104101 98101115116 111102 10811799107 111110 97108108 121111117114 10210511097108115
72111112101102117108108121 121111117 119101114101 9798108101 116111 10010199114121112116 116104105115 1151179999101115115102117108108121
8410497110107115!

70111114 97 11011710998101114 111102 12110197114115 73 10497118101 98101101110 1029710910510810597114 119105116104 116104101 1119811510111411897116105111110 11610497116 116104101 11311797108105116121 111102 11211411110311497109109101114115 105115 97 1001019911410197115105110103 10211711099116105111110 111102 116104101 100101110115105116121 111102 103111 116111 11511697116101109101110116115 105110 116104101 11211411110311497109115 116104101121 11211411110011799101.
77111114101 11410199101110116108121 73 10010511599111118101114101100 119104121 116104101 117115101 111102 116104101 103111 116111 11511697116101109101110116 10497115 11511799104 10010511597115116114111117115 10110210210199116115, 97110100 73 981019997109101 9911111011810511099101100 11610497116 116104101 103111 116111 11511697116101109101110116 115104111117108100 98101 9798111108105115104101100 102114111109 97108108 "104105103104101114 108101118101108" 11211411110311497109109105110103 1089711010311797103101115 (105.101. 101118101114121116104105110103 10112099101112116, 11210111410497112115, 11210897105110 1099799104105110101 99111100101).
65116 11610497116 116105109101 73 100105100 110111116 971161169799104 116111111 10911799104 1051091121111141169711099101 116111 116104105115 10010511599111118101114121; 73 110111119 11511798109105116 109121 9911111011510510010111497116105111110115 102111114 112117981081059997116105111110 981019997117115101 105110 118101114121 11410199101110116 10010511599117115115105111110115 105110 11910410599104 116104101 1151179810610199116 116117114110101100 117112, 73 10497118101 98101101110 117114103101100 116111 100111 115111.
77121 102105114115116 11410110997114107 105115 11610497116, 97108116104111117103104 116104101 11211411110311497109109101114'115 9799116105118105116121 101110100115 119104101110 104101 10497115 9911111011511611411799116101100 97 9911111411410199116 11211411110311497109, 116104101 11211411199101115115 11697107105110103 1121089799101 117110100101114 99111110116114111108 111102 104105115 11211411110311497109 105115 116104101 116114117101 1151179810610199116 10997116116101114 111102 104105115 9799116105118105116121, 102111114 105116 105115 116104105115 11211411199101115115 11610497116 10497115 116111 979999111109112108105115104 116104101 100101115105114101100 10110210210199116; 105116 105115 116104105115 11211411199101115115 11610497116 105110 105116115 1001211109710910599 9810110497118105111114 10497115 116111 11597116105115102121 116104101 100101115105114101100 115112101991051021059997116105111110115.
89101116, 11111099101 116104101 11211411110311497109 10497115 98101101110 10997100101, 116104101 "10997107105110103' 111102 116104101 99111114114101115112111110100105110103 11211411199101115115 105115 10010110810110397116101100 116111 116104101 1099799104105110101.

77121 11510199111110100 11410110997114107 105115 11610497116 111117114 1051101161011081081019911611797108 112111119101114115 97114101 11497116104101114 10310197114101100 116111 10997115116101114 1151169711610599 11410110897116105111110115 97110100 11610497116 111117114 112111119101114115 116111 11810511511797108105122101 11211411199101115115101115 101118111108118105110103 105110 116105109101 97114101 11410110897116105118101108121 112111111114108121 100101118101108111112101100.
70111114 11610497116 11410197115111110 119101 115104111117108100 100111 (97115 119105115101 11211411110311497109109101114115 9711997114101 111102 111117114 10810510910511697116105111110115) 111117114 117116109111115116 116111 115104111114116101110 116104101 991111109910111211611797108 10397112 98101116119101101110 116104101 1151169711610599 11211411110311497109 97110100 116104101 1001211109710910599 11211411199101115115, 116111 10997107101 116104101 9911111411410111511211111010010111099101 98101116119101101110 116104101 11211411110311497109 (11511211410197100 111117116 105110 116101120116 1151129799101) 97110100 116104101 11211411199101115115 (11511211410197100 111117116 105110 116105109101) 97115 11611410511810597108 97115 11211111511510598108101.

76101116 117115 110111119 99111110115105100101114 104111119 119101 9997110 99104971149799116101114105122101 116104101 112114111103114101115115 111102 97 11211411199101115115.
(89111117 10997121 116104105110107 9798111117116 116104105115 113117101115116105111110 105110 97 118101114121 9911111099114101116101 10997110110101114: 115117112112111115101 11610497116 97 11211411199101115115, 99111110115105100101114101100 97115 97 116105109101 1151179999101115115105111110 111102 9799116105111110115, 105115 115116111112112101100 97102116101114 97110 971149810511611497114121 9799116105111110, 11910497116 1009711697 100111 119101 10497118101 116111 102105120 105110 111114100101114 11610497116 119101 9997110 114101100111 116104101 11211411199101115115 117110116105108 116104101 118101114121 11597109101 112111105110116?) 73102 116104101 11211411110311497109 116101120116 105115 97 112117114101 99111110999711610111097116105111110 111102, 11597121, 97115115105103110109101110116 11511697116101109101110116115 (102111114 116104101 112117114112111115101 111102 116104105115 10010511599117115115105111110 11410110397114100101100 97115 116104101 10010111599114105112116105111110115 111102 115105110103108101 9799116105111110115) 105116 105115 11511710210210599105101110116 116111 112111105110116 105110 116104101 11211411110311497109 116101120116 116111 97 112111105110116 98101116119101101110 116119111 1151179999101115115105118101 9799116105111110 10010111599114105112116105111110115.
(73110 116104101 979811510111099101 111102 103111 116111 11511697116101109101110116115 73 9997110 112101114109105116 109121115101108102 116104101 115121110116979911610599 9710998105103117105116121 105110 116104101 10897115116 116104114101101 119111114100115 111102 116104101 112114101118105111117115 11510111011610111099101: 105102 119101 11297114115101 116104101109 97115 "1151179999101115115105118101 (9799116105111110 10010111599114105112116105111110115)" 119101 10910197110 1151179999101115115105118101 105110 116101120116 1151129799101; 105102 119101 11297114115101 97115 "(1151179999101115115105118101 9799116105111110) 10010111599114105112116105111110115" 119101 10910197110 1151179999101115115105118101 105110 116105109101.)
76101116 117115 9997108108 11511799104 97 112111105110116101114 116111 97 1151171051169798108101 1121089799101 105110 116104101 116101120116 97 "11610112011611797108 105110100101120."

87104101110 119101 10511099108117100101 9911111010010511610511111097108 9910897117115101115 (105102 66 116104101110 65), 9710811610111411097116105118101 9910897117115101115 (105102 66 116104101110 651 101108115101 652), 9910411110599101 9910897117115101115 97115 10511011611411110011799101100 98121 67. 65. 82. 7211197114101 (9997115101[105] 111102 (651, 652,···, 65110)),111114 9911111010010511610511111097108 101120112114101115115105111110115 97115 10511011611411110011799101100 98121 74. 77996797114116104121 (661 -> 691, 662 -> 692, ···, 66110 -> 69110), 116104101 1029799116 11410110997105110115 11610497116 116104101 112114111103114101115115 111102 116104101 11211411199101115115 11410110997105110115 99104971149799116101114105122101100 98121 97 115105110103108101 11610112011611797108 105110100101120.

65115 115111111110 97115 119101 10511099108117100101 105110 111117114 1089711010311797103101 11211411199101100117114101115 119101 109117115116 97100109105116 11610497116 97 115105110103108101 11610112011611797108 105110100101120 105115 110111 108111110103101114 11511710210210599105101110116.
73110 116104101 9997115101 11610497116 97 11610112011611797108 105110100101120 112111105110116115 116111 116104101 105110116101114105111114 111102 97 11211411199101100117114101 98111100121 116104101 1001211109710910599 112114111103114101115115 105115 111110108121 99104971149799116101114105122101100 119104101110 119101 97108115111 103105118101 116111 11910410599104 9997108108 111102 116104101 11211411199101100117114101 119101 114101102101114.
87105116104 116104101 10511099108117115105111110 111102 11211411199101100117114101115 119101 9997110 99104971149799116101114105122101 116104101 112114111103114101115115 111102 116104101 11211411199101115115 11810597 97 11510111311710111099101 111102 11610112011611797108 10511010010599101115, 116104101 108101110103116104 111102 116104105115 11510111311710111099101 98101105110103 10111311797108 116111 116104101 1001211109710910599 100101112116104 111102 11211411199101100117114101 9997108108105110103.

76101116 117115 110111119 99111110115105100101114 114101112101116105116105111110 9910897117115101115 (108105107101, 119104105108101 66 11410111210197116 65 111114 11410111210197116 65 117110116105108 66).
761111031059997108108121 11511210197107105110103, 11511799104 9910897117115101115 97114101 110111119 115117112101114102108117111117115, 981019997117115101 119101 9997110 101120112114101115115 114101112101116105116105111110 119105116104 116104101 97105100 111102 11410199117114115105118101 11211411199101100117114101115.
70111114 11410197115111110115 111102 11410197108105115109 73 100111110'116 119105115104 116111 10112099108117100101 116104101109: 111110 116104101 111110101 10497110100, 114101112101116105116105111110 9910897117115101115 9997110 98101 105109112108101109101110116101100 113117105116101 991111091021111141169798108121 119105116104 112114101115101110116 10097121 102105110105116101 101113117105112109101110116; 111110 116104101 111116104101114 10497110100, 116104101 11410197115111110105110103 11297116116101114110 107110111119110 97115 "10511010011799116105111110" 10997107101115 117115 119101108108 101113117105112112101100 116111 11410111697105110 111117114 1051101161011081081019911611797108 10311497115112 111110 116104101 11211411199101115115101115 10310111010111497116101100 98121 114101112101116105116105111110 9910897117115101115.
87105116104 116104101 10511099108117115105111110 111102 116104101 114101112101116105116105111110 9910897117115101115 11610112011611797108 10511010010599101115 97114101 110111 108111110103101114 11511710210210599105101110116 116111 1001011159911410598101 116104101 1001211109710910599 112114111103114101115115 111102 116104101 11211411199101115115.
87105116104 1019799104 101110116114121 105110116111 97 114101112101116105116105111110 9910897117115101, 104111119101118101114, 119101 9997110 971151151119910597116101 97 115111-9997108108101100 "1001211109710910599 105110100101120," 1051101011201111149798108121 99111117110116105110103 116104101 11111410010511097108 11011710998101114 111102 116104101 99111114114101115112111110100105110103 99117114114101110116 114101112101116105116105111110.
65115 114101112101116105116105111110 9910897117115101115 (106117115116 97115 11211411199101100117114101 9997108108115) 10997121 98101 97112112108105101100 110101115116101100108121, 119101 102105110100 11610497116 110111119 116104101 112114111103114101115115 111102 116104101 11211411199101115115 9997110 9710811997121115 98101 117110105113117101108121 99104971149799116101114105122101100 98121 97 (109105120101100) 11510111311710111099101 111102 11610112011611797108 97110100/111114 1001211109710910599 10511010010599101115.

84104101 10997105110 112111105110116 105115 11610497116 116104101 11897108117101115 111102 116104101115101 10511010010599101115 97114101 111117116115105100101 11211411110311497109109101114'115 99111110116114111108; 116104101121 97114101 10310111010111497116101100 (101105116104101114 98121 116104101 119114105116101-117112 111102 104105115 11211411110311497109 111114 98121 116104101 1001211109710910599 101118111108117116105111110 111102 116104101 11211411199101115115) 119104101116104101114 104101 119105115104101115 111114 110111116.
84104101121 112114111118105100101 105110100101112101110100101110116 9911111111410010511097116101115 105110 11910410599104 116111 1001011159911410598101 116104101 112114111103114101115115 111102 116104101 11211411199101115115.

87104121 100111 119101 110101101100 11511799104 105110100101112101110100101110116 9911111111410010511097116101115?
84104101 11410197115111110 105115 - 97110100 116104105115 115101101109115 116111 98101 105110104101114101110116 116111 11510111311710111011610597108 11211411199101115115101115 - 11610497116 119101 9997110 105110116101114112114101116 116104101 11897108117101 111102 97 118971141059798108101 111110108121 119105116104 11410111511210199116 116111 116104101 112114111103114101115115 111102 116104101 11211411199101115115.
73102 119101 119105115104 116111 99111117110116 116104101 11011710998101114, 110 11597121, 111102 112101111112108101 105110 97110 10511010511610597108108121 101109112116121 114111111109, 119101 9997110 9799104105101118101 116104105115 98121 1051109911410197115105110103 110 98121 111110101 119104101110101118101114 119101 115101101 115111109101111110101 101110116101114105110103 116104101 114111111109.
73110 116104101 105110-98101116119101101110 109111109101110116 11610497116 119101 10497118101 11198115101114118101100 115111109101111110101 101110116101114105110103 116104101 114111111109 98117116 10497118101 110111116 121101116 112101114102111114109101100 116104101 11511798115101113117101110116 1051109911410197115101 111102 110, 105116115 11897108117101 10111311797108115 116104101 11011710998101114 111102 112101111112108101 105110 116104101 114111111109 109105110117115 111110101!

84104101 11711098114105100108101100 117115101 111102 116104101 103111 116111 11511697116101109101110116 10497115 97110 10510910910110010597116101 9911111011510111311710111099101 11610497116 105116 9810199111109101115 11610111411410598108121 10497114100 116111 102105110100 97 10910197110105110103102117108 115101116 111102 9911111111410010511097116101115 105110 11910410599104 116111 1001011159911410598101 116104101 11211411199101115115 112114111103114101115115.
8511511797108108121, 112101111112108101 11697107101 105110116111 979999111117110116 97115 119101108108 116104101 11897108117101115 111102 115111109101 119101108108 99104111115101110 118971141059798108101115, 98117116 116104105115 105115 111117116 111102 116104101 113117101115116105111110 981019997117115101 105116 105115 11410110897116105118101 116111 116104101 112114111103114101115115 11610497116 116104101 10910197110105110103 111102 116104101115101 11897108117101115 105115 116111 98101 117110100101114115116111111100!
87105116104 116104101 103111 116111 11511697116101109101110116 111110101 9997110, 111102 99111117114115101, 115116105108108 1001011159911410598101 116104101 112114111103114101115115 117110105113117101108121 98121 97 99111117110116101114 99111117110116105110103 116104101 11011710998101114 111102 9799116105111110115 112101114102111114109101100 11510511099101 11211411110311497109 11511697114116 (118105122. 97 107105110100 111102 11011111410997108105122101100 9910811199107).
84104101 10010510210210599117108116121 105115 11610497116 11511799104 97 9911111111410010511097116101, 97108116104111117103104 117110105113117101, 105115 117116116101114108121 117110104101108112102117108. 73110 11511799104 97 9911111111410010511097116101 115121115116101109 105116 9810199111109101115 97110 101120116114101109101108121 991111091121081059997116101100 9710210297105114 116111 100101102105110101 97108108 116104111115101 112111105110116115 111102 112114111103114101115115 119104101114101, 11597121, 110 10111311797108115 116104101 11011710998101114 111102 112101114115111110115 105110 116104101 114111111109 109105110117115 111110101!

84104101 103111 116111 11511697116101109101110116 97115 105116 11511697110100115 105115 106117115116 116111111 112114105109105116105118101; 105116 105115 116111111 10911799104 97110 10511011810511697116105111110 116111 10997107101 97 109101115115 111102 111110101'115 11211411110311497109.
79110101 9997110 11410110397114100 97110100 971121121141019910597116101 116104101 9910897117115101115 99111110115105100101114101100 97115 98114105100108105110103 105116115 117115101.
73 100111 110111116 9910897105109 11610497116 116104101 9910897117115101115 109101110116105111110101100 97114101 10112010497117115116105118101 105110 116104101 115101110115101 11610497116 116104101121 119105108108 11597116105115102121 97108108 110101101100115, 98117116 11910497116101118101114 9910897117115101115 97114101 115117103103101115116101100 (101.103. 9798111114116105111110 9910897117115101115) 116104101121 115104111117108100 11597116105115102121 116104101 114101113117105114101109101110116 11610497116 97 11211411110311497109109101114 105110100101112101110100101110116 9911111111410010511097116101 115121115116101109 9997110 98101 1099710511011697105110101100 116111 1001011159911410598101 116104101 11211411199101115115 105110 97 104101108112102117108 97110100 10997110971031019798108101 11997121.

73116 105115 10497114100 116111 101110100 116104105115 119105116104 97 10297105114 9799107110111119108101100103109101110116.
65109 73 116111 106117100103101 98121 119104111109 109121 116104105110107105110103 10497115 98101101110 10511010210811710111099101100?
73116 105115 10297105114108121 11198118105111117115 11610497116 73 97109 110111116 11711010511010210811710111099101100 98121 80101116101114 7697110100105110 97110100 67104114105115116111112104101114 831161149799104101121.
7010511097108108121 73 115104111117108100 108105107101 116111 11410199111114100 (97115 73 11410110910110998101114 105116 113117105116101 10010511511610511099116108121) 104111119 72101105110122 9010110997110101107 97116 116104101 112114101-6576717976 109101101116105110103 105110 10197114108121 1959 105110 6711111210111010497103101110 113117105116101 10112011210810599105116108121 101120112114101115115101100 104105115 10011111798116115 119104101116104101114 116104101 103111 116111 11511697116101109101110116 115104111117108100 98101 11611410197116101100 111110 10111311797108 115121110116979911610599 102111111116105110103 119105116104 116104101 97115115105103110109101110116 11511697116101109101110116.
84111 97 109111100101115116 101120116101110116 73 9810897109101 109121115101108102 102111114 110111116 10497118105110103 116104101110 10011497119110 116104101 9911111011510111311710111099101115 111102 104105115 11410110997114107

84104101 11410110997114107 9798111117116 116104101 1171101001011151051149798105108105116121 111102 116104101 103111 116111 11511697116101109101110116 105115 10297114 102114111109 110101119.
73 11410110910110998101114 10497118105110103 11410197100 116104101 10112011210810599105116 1141019911110910910111010097116105111110 116111 11410111511611410599116 116104101 117115101 111102 116104101 103111 116111 11511697116101109101110116 116111 9710897114109 101120105116115, 98117116 73 10497118101 110111116 98101101110 9798108101 116111 1161149799101 105116; 1121141011151171099798108121, 105116 10497115 98101101110 10997100101 98121 67. 65. 82. 7211197114101.
73110 [1, 8310199. 3.2.1.] 87105114116104 97110100 7211197114101 116111103101116104101114 10997107101 97 11410110997114107 105110 116104101 11597109101 10010511410199116105111110 105110 10911111610511897116105110103 116104101 9997115101 9911111011511611411799116105111110: "76105107101 116104101 9911111010010511610511111097108, 105116 109105114114111114115 116104101 1001211109710910599 11511611411799116117114101 111102 97 11211411110311497109 109111114101 9910810197114108121 11610497110 103111 116111 11511697116101109101110116115 97110100 11511910511699104101115, 97110100 105116 10110810510910511097116101115 116104101 110101101100 102111114 10511011611411110011799105110103 97 10897114103101 11011710998101114 111102 1089798101108115 105110 116104101 11211411110311497109."

73110 [2] 71117105115101112112101 749799111112105110105 115101101109115 116111 10497118101 112114111118101100 116104101 (1081111031059997108) 115117112101114102108117111117115110101115115 111102 116104101 103111 116111 11511697116101109101110116.
73102 121111117 10997100101 105116 116104105115 10297114, 105110 116104101 99111109109101110116115 111102 121111117114 679711011897115 11511798109105115115105111110, 116121112101 "6810510610711511611497" 102111114 + 10 98111110117115 112111105110116115
84104101 10112010111499105115101 116111 1161149711011510897116101 97110 971149810511611497114121 102108111119 1001059710311497109 109111114101 111114 108101115115 10910199104971101059997108108121 105110116111 97 106117109112-108101115115 111110101, 104111119101118101114, 105115 110111116 116111 98101 11410199111109109101110100101100.
84104101110 116104101 114101115117108116105110103 102108111119 1001059710311497109 9997110110111116 98101 10112011210199116101100 116111 98101 109111114101 1161149711011511297114101110116 11610497110 116104101 11111410510310511097108 111110101.

8210110210111410111099101115:
87105114116104, 7810510710897117115, 97110100 7211197114101 67. 65. 82. 65 9911111011611410598117116105111110 116111 116104101 100101118101108111112109101110116 111102 6576717976. 67111109109. 656777 9 (74117110101 1966), 413-432.
6680104109, 6711111411497100111, 97110100 749799111112105110105 71117105115101112112101. 70108111119 1001059710311497109115, 84117114105110103 1099799104105110101115 97110100 1089711010311797103101115 119105116104 111110108121 116119111 10211111410997116105111110 114117108101115. 67111109109. 656777 9 (7797121 1966), 366-371.

69100115103101114 87. 6810510610711511611497
84101991041101111081111031059997108 85110105118101114115105116121
69105110100104111118101110, 84104101 7810111610410111410897110100115
